561,6
561,5
561,4
561,3
561,2
561,1
561,0
560,6
560,5
560,4
560,3
560,2
560,1
560,0
559,6
559,5
559,4
559,3
559,2
559,1
559,0
558,4
558,3
558,2
558,1
558,0
557,3
557,2
557,1
557,0
556,3
556,2
556,1
556,0
555,4
555,3
555,2
555,1
555,0
554,4
554,3
554,2
554,1
554,0
553,4
553,3
553,2
553,1
553,0
552,4
552,3
552,2
552,1
552,0
551,4
551,3
551,2
551,1
551,0
550,4
550,3
550,2
550,1
550,0
549,4
549,3
549,2
549,1
549,0
548,4
548,3
548,2
548,1
548,0
547,3
547,2
547,1
547,0
546,4
546,3
546,2
546,1
546,0
545,4
545,3
545,2
545,1
545,0
544,4
544,3
544,2
544,1
544,0
543,5
543,4
543,3
543,2
543,1
543,0
542,3
542,2
542,1
542,0
541,4
541,3
541,2
541,1
541,0
540,3
540,2
540,1
540,0
539,6
539,5
539,4
539,3
539,2
539,1
539,0
538,6
538,5
538,4
538,3
538,2
538,1
538,0
537,6
537,5
537,4
537,3
537,2
537,1
537,0
536,4
536,3
536,2
536,1
536,0
535,3
535,2
535,1
535,0
534,3
534,2
534,1
534,0
533,4
533,3
533,2
533,1
533,0
532,4
532,3
532,2
532,1
532,0
2,12
2,11
531,4
531,3
531,2
531,1
531,0
530,4
530,3
530,2
530,1
530,0
529,4
529,3
529,2
529,1
529,0
528,4
528,3
528,2
528,1
528,0
527,4
527,3
527,2
527,1
527,0
526,4
526,3
526,2
526,1
526,0
525,3
525,2
525,1
525,0
524,4
524,3
524,2
524,1
524,0
523,4
523,3
523,2
523,1
523,0
522,4
522,3
522,2
522,1
522,0
521,5
521,4
521,3
521,2
521,1
521,0
520,3
520,2
520,1
520,0
519,4
519,3
519,2
519,1
519,0
518,3
518,2
518,1
518,0
0,310
0,305
0,308
0,307
0,302
0,304
0,303
0,12
0,383
0,10
0,8
0,0
0,459
0,462
0,300
0,510
0,461
0,299
0,523
0,513
0,298
0,522
0,399
0,297
0,521
0,387
0,296
0,457
0,458
0,295
0,520
0,390
0,294
0,552
0,453
0,293
0,452
0,451
0,292
0,450
0,417
0,291
0,398
0,447
0,290
0,540
0,358
0,289
0,334
0,446
0,288
0,348
0,445
0,287
0,532
0,444
0,286
0,573
0,518
0,285
0,536
0,284
0,535
0,547
0,283
0,517
0,572
0,282
0,440
0,570
0,281
0,534
0,465
0,280
0,565
0,436
0,279
0,435
0,392
0,278
0,433
0,454
0,277
0,487
0,430
0,276
0,319
0,533
0,275
0,543
0,429
0,274
0,502
0,428
0,273
0,463
0,427
0,272
0,569
0,516
0,271
0,501
0,426
0,270
0,575
0,425
0,269
0,330
0,424
0,268
0,423
0,267
0,422
0,266
0,568
0,421
0,265
0,329
0,420
0,264
0,389
0,419
0,263
0,531
0,353
0,262
0,496
0,418
0,261
0,511
0,564
0,260
0,528
0,259
0,553
0,415
0,258
0,484
0,509
0,257
0,557
0,372
0,256
0,486
0,371
0,255
0,566
0,414
0,254
0,352
0,370
0,253
0,539
0,413
0,252
0,412
0,493
0,251
0,508
0,367
0,250
0,393
0,411
0,249
0,410
0,248
0,349
0,366
0,247
0,530
0,365
0,246
0,483
0,364
0,245
0,409
0,363
0,244
0,526
0,362
0,242
0,519
0,361
0,241
0,341
0,482
2,4
0,342
2,1
1,0
0,369
0,373
0,378
500,0
0,405
0,408
500,3
500,1
0,494
502,0
0,498
500,8
502,3
502,1
495,0
0,551
495,3
2,2
492,0
2,6
492,3
492,1
2,8
2,9
2,10
3,0
3,1
502,8
3,3
470,0
470,1
470,3
471,0
471,2
471,3
472,0
472,2
472,3
472,5
473,0
473,2
473,3
473,5
474,0
474,1
474,3
475,0
475,2
476,0
476,1
476,3
476,4
479,0
479,1
479,3
479,5
482,0
482,2
482,3
482,5
483,1
483,2
483,4
485,0
485,2
485,3
486,0
486,2
486,3
487,0
487,1
487,3
492,2
492,4
495,2
495,4
495,6
498,4
498,5
500,2
500,4
500,9
500,10
502,4
502,9
503,0
503,2
503,3
504,1
504,3
504,4
505,1
505,2
505,4
505,5
506,1
506,3
506,4
506,6
507,0
507,2
508,0
508,1
508,3
509,0
509,2
509,3
510,0
510,2
510,3
513,1
513,2
513,4
516,0
516,1
516,3
516,4
517,0
517,1
517,3
517,2
516,5
516,2
513,5
513,3
513,0
510,1
509,4
509,1
508,2
507,3
507,1
506,5
506,2
506,0
505,3
505,0
504,2
504,0
503,1
502,5
502,2
500,5
498,6
498,2
495,5
492,5
487,4
487,2
486,4
486,1
485,4
485,1
483,3
483,0
482,4
482,1
479,4
479,2
476,5
476,2
475,3
475,1
474,2
473,6
473,4
473,1
472,4
472,1
471,4
471,1
470,2
502,7
502,6
498,1
498,3
498,0
2,7
2,5
495,1
0,554
0,542
0,538
500,7
500,6
0,442
0,441
0,381
1,1
1,3
0,359
0,322
2,3
0,318
2,0
0,243
0,9
0,571
0,541
0,240
0,544
0,360
0,239
0,481
0,558
0,238
0,480
0,391
0,237
0,537
0,357
0,236
0,407
0,479
0,235
0,499
0,478
0,234
0,386
0,356
0,233
0,495
0,355
0,232
0,561
0,354
0,231
0,404
0,546
0,230
0,477
0,492
0,229
0,380
0,351
0,228
0,529
0,403
0,227
0,464
0,350
0,226
0,402
0,527
0,225
0,401
0,224
0,563
0,347
0,223
0,406
0,400
0,222
0,476
0,562
0,221
0,382
0,346
0,220
0,345
0,219
0,506
0,344
0,218
0,333
0,475
0,217
0,497
0,343
0,216
0,397
0,559
0,215
0,396
0,560
0,214
0,340
0,213
0,437
0,395
0,212
0,449
0,394
0,211
0,438
0,339
0,210
0,556
0,338
0,209
0,379
0,337
0,208
0,555
0,336
0,207
0,474
0,385
0,206
0,515
0,335
0,205
0,473
0,549
0,204
0,491
0,388
0,203
0,500
0,332
0,202
0,525
0,567
0,201
0,490
0,514
0,200
0,384
0,331
0,199
0,472
0,448
0,198
0,489
0,507
0,197
0,548
0,328
0,196
0,471
0,505
0,195
0,470
0,432
0,194
0,512
0,327
0,193
0,416
0,326
0,192
0,455
0,325
0,63
0,504
0,324
0,62
0,460
0,323
0,61
0,485
0,321
0,60
0,524
0,434
0,59
0,439
0,320
0,58
0,488
0,550
0,57
0,469
0,456
0,56
0,574
0,317
0,55
0,377
0,467
0,54
0,466
0,374
0,53
0,468
0,316
0,52
0,376
0,315
0,51
0,368
0,314
0,50
0,431
0,313
0,49
0,545
0,312
0,48
0,503
0,311
0,47
0,309
0,46
0,443
0,306
0,45
0,375
0,301
0,6
0,5
0,1
0,11
0,4
0,2
0,3
0,7
